184
243
254
319
413
431
506
738
761
795
861
1132
1158
1346
1546
1704
1708
1834
1899
1968
2096
2233
2298
2372
2406
2621
2624
2673
2925
2930
2998
3085
3271
3303
3312
3344
3500
3572
3831
3996
4161
4386
4664
4696
4713
4844
4914
5101
5132
5174
5175
5247
5313
5349
5517
5633
5699
5799
6000
6196
6414
6783
6829
6930
6979
6982
7185
7220
7230
7376
7397
7596
7650
7711
7781
7881
7896
7921
7923
7944
8062
8258
8297
8379
8385
8392
8585
8591
8690
8972
9016
9267
9290
9294
9308
9358
9425
9482
9624
10044
10064
10079
10137
10188
10272
10337
10358
10598
10981
10985
11068
11108
11161
11218
11278
11402
11590
11798
11830
11930
11961
11965
11983
12281
12298
12531
12544
12689
12732
12782
12831
12855
12885
13072
13136
13200
13605
13754
13760
13808
13920
13941
14055
14132
14138
14183
14187
14372
14536
14563
14577
14932
14954
15079
15095
15157
15168
15226
15488
15558
15626
15773
16078
16260
16314
16372
16410
16442
16566
16662
16705
16908
16930
16981
17172
17261
17280
17597
17599
17609
17638
17676
17688
17745
17749
17787
18028
18092
18107
18221
18235
18307
18315
18322
18346
18477
18489
18527
18577
18825
18912
19015
19037
19041
19249
19356
19367
19476
19552
19563
19575
19640
19717
19765
19893
19976
19984
20009
20091
20094
20101
20172
20246
20404
20417
20553
20745
20758
21052
21139
21219
21227
21249
21273
21318
21330
21478
21671
22018
22060
22334
22605
22628
22656
22739
22785
23451
23483
23510
23608
23728
23787
23815
23832
23929
24017
24099
24125
24181
24352
24519
24542
24558
24602
24733
24857
24866
24924
25196
25254
25357
25671
25797
25867
26080
26124
26265
26268
26305
26547
26564
26571
26582
26618
26736
26753
26791
26799
26903
26981
27055
27120
27133
27168
27191
27252
27279
27302
27312
27329
27389
27420
27493
27715
27803
27821
28008
28033
28272
28318
28383
28527
28642
28655
29295
29385
29760
29850
29892
29929
29933
30095
30114
30148
30230
30313
30346
30481
30517
30685
30701
30758
30812
30831
30835
30938
31004
31127
31194
31254
31300
31771
32041
32124
32272
32457
32461
32710
32924
32961
32966
33129
33365
33454
33460
33488
33588
33608
33654
33656
33664
33773
33782
33957
34012
34239
34776
34810
34843
34987
35008
35036
35137
35152
35177
35238
35308
35358
35469
35533
35739
35859
36082
36161
36459
36465
36523
36525
36606
36699
36776
36798
36869
37372
37416
37646
38007
38058
38126
38178
38198
38541
38589
38704
38707
38848
39401
39643
39777
39819
40056
40094
40133
40206
40245
40309
40409
40426
40561
40771
40822
41048
41073
41081
41193
41194
41392
41684
41973
42124
42328
42704
42706
42952
42981
43068
43211
43299
43302
43386
43521
43552
43641
43733
43810
43837
43839
43882
44022
44056
44111
44376
44501
44504
44888
45017
45155
45343
45357
45474
45653
45704
45726
45742
45794
45894
45936
46010
46028
46181
46222
46229
46339
46495
46534
46569
46755
47294
47597
47763
47863
47890
48015
48190
48217
48226
48372
48401
48411
48998
49219
49323
49520
49571
49625
49690
49850
49984
50065
50080
50207
50370
50515
50707
50744
50757
50851
50871
51000
51037
51044
51220
51303
51482
51750
51793
51811
51865
51902
52072
52089
52106
52271
52409
52420
52431
52520
52600
52866
52944
52957
52983
53012
53432
53480
53683
53760
53987
54019
54045
54181
54223
54306
54345
54349
54401
54482
54689
54727
54842
55085
55223
55265
55378
55462
55524
55685
55697
55726
55801
55848
55878
56011
56015
56032
56183
56248
56520
56544
56624
56851
56872
56986
57127
57198
57275
57289
57407
57444
57489
57504
57522
57551
57610
57699
57706
58025
58156
58175
58326
58360
58456
58489
58729
58843
58891
58956
58957
59253
59486
59593
59724
59741
59758
59776
59898
60378
60432
60588
60591
60771
60783
60831
60881
61079
61141
61216
61392
61443
61481
61523
61573
61620
61813
62181
62425
62651
62696
62716
62840
63115
63163
63187
63434
63563
63719
63722
63785
63817
63977
63995
64067
64097
64204
64232
64302
64384
64478
64511
64539
64584
64597
64644
64822
64888
64954
64984
65118
65254
65397
65433
65511
65736
65840
65859
66027
66154
66248
66291
66348
66370
66453
66474
66489
66587
66745
66822
66919
66953
66993
67037
67112
67171
67218
67254
67307
67495
67526
67542
67853
68010
68155
68231
68309
68539
68738
68950
69486
69691
69782
69819
69830
69904
70135
70223
70286
70330
70338
70376
70441
70461
70649
70697
70732
70737
70796
70879
70908
71016
71046
71153
71569
71571
72034
72088
72232
72271
72385
72443
72448
72573
72596
72908
72910
72973
73049
73198
73269
73319
73371
73424
73582
73606
73662
73715
73721
73748
73774
73813
73818
74051
74067
74089
74171
74253
74264
74624
74679
74697
75007
75104
75238
75358
75362
75403
75575
75632
75634
75925
75932
76046
76075
76132
76420
76500
76504
76703
76711
77048
77075
77462
77464
77483
77497
77514
77884
77912
78031
78050
78128
78193
78247
78849
78993
79067
79086
79186
79225
79351
79629
79731
79809
79924
80267
80312
80408
80498
80638
80669
80692
80779
80918
81100
81171
81216
81269
81297
81407
81435
81670
81700
81808
81812
81820
81843
82088
82330
82378
82449
82659
82802
82982
83434
83447
83463
83530
83536
83598
83636
83647
83683
83736
83756
83767
83922
83963
83965
84362
84421
84506
84952
85099
85170
85184
85321
85474
85524
85538
85581
85686
85735
85859
85967
85975
86014
86099
86134
86279
86420
86724
86810
86873
86990
87073
87114
87158
87223
87245
87300
87650
87685
87942
88046
88467
88520
88740
88839
88900
89043
89061
89093
89139
89191
89474
89635
89727
89760
89911
90059
90218
90331
90427
90458
90568
90570
90581
90797
90809
91107
91241
91315
91633
91672
91706
91756
91848
92152
92184
92382
92407
92515
92952
93313
93323
93413
93437
93481
93583
93727
93756
93938
93982
94006
94021
94481
94594
94622
94680
94821
95238
95306
95396
95545
95608
95701
95717
95735
95965
95989
96101
96110
96221
96266
96392
96498
96563
96656
96703
96820
96975
96979
96999
97232
97271
97334
97374
97638
97980
98163
98181
98428
98429
98617
98709
98751
98963
98986
99020
99214
99299
99322
99429
99506
99517
99611
99699
100252
100278
100364
100449
100505
100574
100726
100897
101014
101078
101153
101161
101381
101535
101590
101608
101911
101919
102006
102171
102254
102310
102311
102486
102641
102646
102793
102882
103066
103215
103251
103353
103480
103680
103691
103719
103767
103848
103957
104058
104125
104261
104345
104351
104779
104791
104913
105130
105249
105451
105492
105809
105817
105866
105926
106380
106596
106722
106760
106827
106863
106865
106991
107093
107107
107134
107158
107266
107323
107343
107516
107535
107630
107639
107657
107669
107699
107706
107817
107941
108018
108406
108612
108794
109036
109084
109108
109212
109496
109506
109531
109633
109875
109887
110269
110305
110466
110522
110626
110801
110914
111083
111111
111125
111326
111639
111767
111878
111898
112247
112404
112572
112676
112731
112845
112859
112974
113029
113121
113145
113150
113262
113277
113357
113362
113404
113488
113699
113729
113874
114122
114149
114231
114332
114369
114384
114388
114442
114573
114826
114924
114990
115096
115168
115174
115181
115183
115184
115238
115239
115400
115453
115854
115857
115904
115914
115980
116108
116122
116260
116268
116364
116401
116419
116639
116817
116832
116839
116853
116873
116938
117374
117488
117510
117751
117841
117891
117913
117941
118012
118034
118091
118446
118462
118541
118545
118720
118744
118783
118924
118940
119001
119004
119052
119075
119280
119359
119368
119459
119832
119885
119898
120225
120242
120343
120373
120381
120514
120593
120754
120820
120980
121050
121235
121250
121269
121276
121610
121642
121654
121657
121768
121804
121912
121955
122141
122226
122478
122582
122657
122694
122818
122850
122891
122905
122942
123058
123439
123476
123604
123681
123712
123752
123834
124168
124229
124238
124294
124301
124437
124465
124703
124867
124914
125122
125124
125168
125255
125257
125265
125306
125417
125529
125617
125672
125806
125912
126180
126357
126362
126416
126455
126688
126752
126856
126867
126885
126913
126956
127005
127019
127058
127067
127139
127340
127998
128090
128272
128354
128485
128494
128496
128632
128662
128692
128699
128721
128773
128860
128887
129361
129386
129422
129442
129465
129487
129494
129500
129909
130005
130076
130174
130200
130203
130283
130303
130404
130419
130578
130618
130772
130875
131125
131138
131255
131368
131395
131453
131919
132680
132831
132892
133160
133234
133303
133469
133509
133656
133775
133998
134091
134156
134275
134425
134460
134645
134823
134827
135046
135173
135234
135236
135415
135429
135486
135561
135568
135620
135691
135894
136053
136104
136215
136448
136501
136659
136892
137016
137032
137069
137073
137310
137327
137377
137434
137490
137520
137570
137675
137777
138051
138148
138207
138250
138308
138421
138454
138558
138706
138800
138856
138925
139227
139244
139322
139336
139431
139437
139498
139614
139617
139842
139901
139921
140114
140172
140206
140264
140302
140339
140456
140474
140566
140592
140650
140935
141003
141019
141119
141224
141412
141447
141505
141527
141743
141748
141749
141790
141866
141929
142234
142316
142363
142366
142424
142552
142634
142645
142696
142794
143000
143059
143098
143200
143206
143211
143387
143433
143522
143544
143647
143807
144100
144401
144459
144811
145176
145448
145571
145669
145727
146309
146407
146499
146785
146992
147025
147061
147076
147195
147281
147311
147326
147351
147479
147601
147614
147691
148039
148334
148347
148416
148530
148650
148830
148864
148900
148910
149164
149182
149358
149396
149419
149559
149690
149714
149718
149859
149874
150005
150048
150124
150260
150323
150380
150389
150421
150468
150623
150724
150737
150824
150839
150965
151009
151090
151367
151410
151469
151604
151635
152237
152335
152521
152788
152809
152981
153000
153239
153336
153398
153493
153531
153577
153773
153821
154091
154335
154439
154526
154679
154835
154930
154974
155089
155487
155489
155615
156006
156154
156168
156340
156434
156580
156581
156601
156693
156723
156753
156779
156952
156956
156960
157089
157094
157194
157206
157246
157345
157373
157470
157497
157810
157928
158041
158098
158222
158444
158598
158625
159005
159278
159422
159513
159630
159695
160051
160101
160303
160306
160324
160352
160485
160582
160670
160785
160798
160823
160870
160931
161071
161078
161629
161659
161791
161948
161988
162309
162478
162498
162500
162674
162723
162864
162964
163105
163195
163229
163249
163334
163352
163364
163373
163404
163432
163606
163683
163898
164149
164268
164283
164300
164421
164494
164516
164555
164600
164622
164651
164776
164843
164872
164887
164919
165045
165096
165136
165269
165333
165624
165639
165741
165784
165789
165833
165873
165948
165970
166176
166315
166483
166700
166857
166949
167072
167461
167520
167528
167568
167653
167686
167823
167940
168207
168349
168520
168636
168654
168890
168961
168980
169078
169083
169109
169143
169160
169279
169304
169388
169557
169648
169833
169965
169981
170031
170114
170271
170309
170324
170484
170613
170698
170730
170846
170889
170916
170983
171111
171228
171521
171595
171729
171872
171979
171987
172080
172099
172187
172211
172216
172263
172316
172352
172359
172400
172670
172828
173028
173180
173375
173651
173744
173821
173835
174094
174151
174203
174298
174340
174457
174765
174784
175199
175332
175352
175362
175580
175784
175800
175914
176074
176128
176134
176195
176374
176643
176666
176913
176959
176991
177064
177207
177267
177807
177984
178459
178476
178764
178786
178956
179117
179344
179503
179723
179746
180097
180111
180347
180513
180517
180540
180588
180737
180889
181131
181205
181315
181317
181357
181450
181518
181617
181618
181682
181777
182005
182086
182151
182260
182375
182395
182427
182566
182575
182613
182825
182933
183031
183253
183262
183508
183525
183569
183627
183743
183840
183854
183982
184041
184356
184375
184643
184814
185088
185172
185350
185380
185513
185723
185786
185965
185969
186034
186251
186351
186507
186523
186565
186580
186633
186845
187095
187265
187293
187348
187423
187516
187620
187801
187811
187971
188101
188268
188546
188707
189057
189082
189211
189594
189727
189824
189996
190103
190128
190255
190364
190399
190678
190772
190948
191225
191296
191359
191459
191553
191633
191743
191942
191973
191997
192176
192376
192550
192580
192689
192822
192844
193011
193381
193563
193856
193864
193953
194070
194116
194524
194645
194692
194722
194776
195009
195018
195182
195292
195296
195356
195545
195554
195563
195887
196266
196376
196393
196524
196630
196763
196859
196881
196957
197127
197153
197233
197264
197320
197326
197385
197519
197587
197638
197689
197951
198026
198090
198310
198346
198425
198542
198618
198986
199022
199169
199383
199449
199566
199620
199622
199770
199840
200177
200189
200361
200448
200576
200738
200747
200784
201034
201113
201161
201287
201342
201496
201812
202056
202105
202248
202578
202723
202840
202884
202979
203182
203293
203367
203378
203393
203578
203681
203751
204067
204171
204265
204400
204408
204672
204741
204783
204898
204967
204970
204993
205029
205114
205190
205232
205313
205395
205770
205823
205952
205955
206085
206235
206257
206265
206337
206443
206696
206864
206890
207113
207117
207226
207355
207431
207488
207490
207607
207635
207818
207927
208349
208413
208450
208617
208663
208724
208877
209025
209312
209428
209444
209542
209744
209803
209811
209829
209924
210001
210203
210561
210580
210589
210592
210649
210882
211180
211556
211615
211737
212022
212027
212163
212189
212312
212354
212529
212955
212975
212979
213003
213183
213570
213618
213748
213816
213829
213863
213884
213949
214151
214414
214610
214739
214872
215033
215103
215360
215515
215681
215770
215845
215918
215980
216079
216102
216439
216583
216701
216900
217162
217212
217460
217488
217520
217523
217693
217759
217812
217846
217958
218024
218096
218107
218212
218306
218330
218399
218628
218632
218660
218883
218920
219029
219071
219239
219264
219388
219405
219478
219560
219863
219955
219967
219984
220031
220056
220106
220164
220320
220346
220373
220485
220615
220690
220946
220987
221092
221100
221105
221269
221492
221572
221616
221727
221754
221890
221976
222032
222299
222340
222459
222476
222499
222677
222891
222913
222938
222950
223305
223406
223554
223557
223612
223666
223922
223976
224087
224120
224257
224504
224715
224980
225004
225007
225253
225329
225355
225508
225598
225620
225662
225925
226181
226299
226324
226422
226542
226773
227193
227197
227349
227462
227637
227681
227765
228004
228028
228045
228108
228116
228165
228378
228630
228645
228805
229048
229093
229181
229196
229370
229432
229482
229484
229625
229768
229778
229836
229854
230005
230271
230436
230593
230742
230764
230956
231014
231019
231069
231089
231139
231169
231349
231459
231533
231561
231587
231643
231885
231924
231953
231998
232013
232061
232192
232428
232577
232783
233120
233212
233227
233232
233235
233260
233380
233550
233558
233808
233840
233935
233946
234002
234017
234101
234281
234374
234386
234563
234610
234682
234739
234906
234926
235046
235047
235064
235112
235137
235140
235609
235946
236268
236539
236554
236602
236709
236815
237011
237024
237030
237167
237392
237527
237529
237555
237613
237771
237837
237893
237955
238020
238140
238161
238171
238179
238350
238356
238369
238501
238527
238606
238790
239088
239539
239619
239675
239678
239702
240057
240091
240198
240219
240277
240357
240386
240402
240439
240492
240523
240675
240772
240877
241159
241162
241499
241554
241612
241613
241650
241902
242041
242069
242167
242227
242485
242513
242533
242622
242782
242790
242859
242965
243049
243075
243133
243294
243347
243438
243483
243799
244113
244143
244220
244264
244341
244431
244460
244498
244547
244583
244751
245019
245186
245408
245434
245579
245832
245941
245967
245978
246052
246082
246274
246299
246401
246547
246603
246766
246788
247107
247130
247137
247162
247224
247243
247302
247385
247442
247449
247570
247618
247679
247875
247886
247891
248011
248209
248267
248307
248564
248606
248633
248665
248671
248711
248781
248850
248933
248971
249039
249155
249192
249367
249572
249695
249698
249735
249871
249900
250018
250039
250065
250415
250521
250630
250679
250821
250836
250939
251087
251159
251183
251313
251540
251570
251590
251641
251664
251700
251769
251779
251817
251927
251974
252190
252326
252343
252444
252464
252631
252690
252784
252849
253004
253080
253247
253255
253317
253396
253476
253529
253676
253800
253882
253918
254099
254170
254249
254305
254332
254534
254636
254684
254725
254743
254831
254878
255283
255477
255705
255723
255824
255893
256160
256255
256338
256340
256387
256417
256451
256536
256971
257056
257171
257249
257446
257748
257755
257814
258014
258049
258116
258194
258307
258325
258335
258496
258561
258757
258837
258867
258874
258958
259048
259062
259105
259148
259176
259203
259233
259305
259344
259412
259580
259735
259741
259788
259843
260664
260860
261157
261206
261238
261296
261397
261399
261531
261631
261635
261648
261719
261788
261913
261964
262014
262169
262289
262297
262357
262435
262652
262858
262994
263022
263048
263104
263186
263264
263465
263513
263800
263907
263948
264131
264234
264244
264286
264368
264433
264473
264487
264538
264618
264776
264893
264955
265069
265080
265171
265192
265273
265424
265646
265727
265870
265897
265918
265940
265984
266108
266353
266568
266602
266742
266751
266815
266821
266883
266885
266929
267019
267124
267204
267232
267399
267613
267639
267701
267744
267872
267890
268067
268108
268127
268172
268208
268460
268482
268496
268558
268626
268798
268924
268947
268978
269001
269048
269083
269225
269249
269268
269294
269406
269423
269507
269571
269650
269712
269869
270056
270297
270307
270316
270318
270541
270578
270770
270778
270814
270817
271048
271093
271130
271134
271249
271296
271299
271339
271367
271426
271471
271473
271508
271697
271911
272008
272018
272121
272136
272216
272292
272507
272653
272677
272739
272790
272856
272865
272939
273356
273550
273555
273585
273669
273764
273884
273918
273945
274142
274204
274347
274382
274426
274538
274568
274610
275054
275185
275261
275304
275314
275545
275590
275596
275627
275704
275804
275817
275843
276018
276051
276378
276624
276651
276822
276870
277012
277137
277140
277302
277373
277390
277441
277494
277564
277717
277718
277931
278060
278157
278452
278499
278596
278663
278679
278695
278965
278978
279015
279221
279461
279499
279521
279937
280293
280331
280335
280377
280412
280543
280571
280613
280655
280718
280791
280834
280848
280980
280995
281020
281077
281089
281122
281272
281420
281458
281473
281500
281616
281686
281823
281950
282287
282299
282465
282717
282829
282862
282968
282970
283027
283081
283164
283298
283332
283341
283574
283708
283772
283816
284011
284066
284261
284436
284462
284543
284779
284969
284998
285058
285177
285219
285324
285565
285581
285607
285815
286064
286155
286442
286496
286508
286628
286739
286747
286875
286932
287000
287033
287103
287256
287260
287270
287545
287599
287656
287667
287777
287959
287963
288089
288116
288153
288543
288719
288841
288877
288909
288955
289016
289045
289057
289101
289536
289808
290014
290116
290150
290219
290336
290421
290422
290483
290605
290845
290972
291054
291127
291351
291555
291712
291756
291805
291839
291932
292186
292276
292404
292638
292842
292870
293050
293099
293242
293445
293449
293550
293734
293872
294128
294131
294406
294411
294469
294536
294740
295019
295076
295250
295276
295328
295436
295802
295856
296013
296071
296264
296286
296379
296408
296488
296617
296676
296687
296725
296844
296985
297094
297281
297494
297641
297646
297658
297707
297815
297835
298074
298114
298187
298279
298518
298609
298716
299007
299031
299107
299270
299285
299291
299470
299475
299477
299586
299712
299812
300237
300284
300333
300367
300664
300746
300771
300843
300966
301253
301328
301499
301662
301697
301799
301923
301969
302014
302288
302343
302352
302376
302396
302481
302547
302672
302954
303070
303097
303189
303255
303256
303478
303496
303586
303606
304113
304136
304209
304264
304304
304583
304688
304768
304983
305147
305201
305214
305469
305543
305566
305669
305778
305842
306111
306117
306151
306213
306303
306428
306615
306680
306830
307128
307247
307253
307261
307589
307766
307880
307933
308026
308068
308071
308104
308172
308298
308537
308547
308549
308924
308949
308983
309064
309290
309562
309628
309817
310027
310056
310303
310332
310448
310781
310805
311035
311168
311210
311430
311524
311684
311718
311812
311839
311860
312000
312346
312447
312747
312781
312829
312844
312860
312928
312952
313028
313153
313172
313354
313359
313399
313404
313683
313738
313779
313801
313827
313899
313979
314063
314065
314196
314401
314407
314514
314654
314707
314796
314843
314926
314942
315020
315357
315694
315851
315948
316023
316141
316193
316319
316321
316324
316510
316521
316529
316645
316725
316739
316887
316920
317049
317082
317099
317434
317491
317807
317822
317936
318020
318067
318190
318217
318439
318556
318577
318667
318698
318710
318918
319070
319336
319394
319523
319755
319760
319939
320037
320091
320227
320304
320424
320621
320624
320651
320691
320805
320858
320859
320937
321633
321642
321692
321811
321918
321930
322009
322016
322360
322401
322490
322817
322836
322847
322915
323136
323199
323330
323451
323479
323484
323744
323771
323772
324021
324040
324289
324598
324671
324739
324813
324840
324859
324905
324906
325045
325173
325250
325299
325384
325403
325542
325598
325631
325682
325702
325943
325965
326238
326245
326265
326481
326708
326719
326779
326975
327011
327095
327102
327222
327335
327363
327400
327445
327548
327582
327760
327968
327993
328017
328144
328285
328407
328503
328511
328653
328772
328861
328911
329053
329108
329604
329692
329735
329861
329926
330044
330084
330086
330183
330251
330359
330928
331037
331081
331196
331198
331330
331331
331435
331461
331723
331792
331816
331817
331833
331970
332032
332161
332326
332327
332369
332395
332629
332761
332784
332811
332817
332884
332923
332930
332980
332989
333030
333139
333219
333412
333464
333503
333673
333738
333776
333957
334002
334014
334082
334094
334164
334212
334384
334405
334737
334775
334784
334861
334874
335131
335224
335266
335350
335599
335710
335767
335779
335851
335876
335933
336045
336264
336436
336725
336742
336770
336854
336950
337513
337514
337624
337677
337842
337845
337851
337900
337944
337984
337991
338136
338208
338334
338466
339134
339141
339240
339242
339329
339569
339622
339650
339663
339781
339839
340135
340159
340180
340203
340242
340409
340457
340530
340551
340691
340771
341002
341072
341074
341095
341205
341227
341254
341258
341269
341309
341526
341796
341797
342089
342223
342453
342496
342557
342956
342992
343005
343041
343200
343281
343408
343482
343641
343718
343780
344377
344539
344638
344646
344868
344927
344936
345080
345191
345254
345360
345564
345666
345790
346154
346284
346293
346508
346778
346828
346965
347064
347109
347276
347295
347296
347338
347394
347400
347496
347576
347875
347914
347927
347995
348170
348185
348266
348495
348620
348706
348872
348978
349231
349260
349283
349429
349435
349525
349672
349951
349978
350009
350071
350170
350231
350258
350264
350662
350697
350710
350837
350851
350894
350910
351023
351225
351265
351335
351468
351713
351945
352051
352075
352108
352238
352344
352455
352587
352627
352655
353205
353265
353396
353440
353535
353606
353836
353849
353996
354203
354233
354269
354286
354546
354621
354663
354714
354970
355065
355275
355477
355615
355718
355840
356053
356109
356216
356232
356270
356303
356349
356614
356762
356933
357026
357083
357298
357356
357519
357754
358309
358370
358702
358707
358840
358880
359266
359377
359380
359618
359677
359980
360084
360171
360208
360213
360227
360251
360427
360430
360469
360590
360645
360998
361002
361217
361260
361290
361351
361420
361434
361474
361538
361559
361654
361816
361826
361832
361908
361997
362077
362124
362241
362468
362561
362579
362671
362761
363004
363165
363166
363235
363510
363556
363711
364033
364049
364071
364093
364105
364127
364291
364395
364402
364668
365054
365118
365152
365325
365361
365402
365483
365590
365791
365985
366079
366121
366196
366228
366262
366494
366627
366690
366912
366968
366975
366985
367020
367073
367238
367295
367487
367535
367685
367720
367978
368173
368210
368304
368621
368704
368721
368745
368770
368783
368831
368832
368956
368968
369075
369154
369245
369316
369401
369469
369573
369614
369789
370097
370132
370260
370649
370699
370852
370858
370861
371138
371184
371240
371294
371427
371766
371972
371987
372205
372232
372294
372326
372459
372490
372546
372612
372683
372712
372721
372766
372803
372843
372862
372991
373093
373111
373414
373492
373513
373629
373635
373656
373748
373769
373858
373906
373991
374002
374064
374103
374116
374117
374181
374374
374424
374506
374523
374556
374590
374660
374755
374776
374843
374903
374926
375049
375211
375213
375248
375280
375397
375479
375539
375637
375675
375744
375950
376200
376240
376528
376543
376658
376771
376782
376808
376893
376898
377028
377043
377330
377355
377398
377625
377680
377684
377750
378031
378100
378151
378259
378272
378383
378463
378477
378520
378521
378580
378687
378699
378765
378883
378985
379015
379028
379040
379102
379118
379138
379208
379358
379838
380089
380174
380283
380345
380401
380533
380612
380673
380934
381120
381127
381139
381229
381274
381341
381607
381616
381930
382026
382037
382118
382182
382212
382224
382258
382472
382519
382558
382583
382593
382605
382621
382691
382718
382954
383181
383515
383572
383578
383713
383829
384143
384197
384301
384304
384311
384355
384386
384474
384609
384804
384832
384930
385072
385184
385461
385480
385793
385825
385836
385868
385965
385980
386270
386276
386407
386456
386597
386644
386933
386938
386941
386971
387210
387493
387495
387553
387598
387703
387769
387800
388018
388110
388195
388227
388321
388353
388503
388935
389251
389308
389455
389496
389609
389671
389680
389701
389825
389908
390031
390206
390288
390296
390365
390515
390741
390761
390799
390938
390979
391029
391498
391550
391808
392056
392150
392465
392495
392536
393021
393158
393202
393289
393649
393668
393718
394499
394599
394724
394789
394815
395001
395055
395122
395303
395321
395350
395534
396057
396139
396649
396664
396671
396681
396718
396961
397294
397311
397372
397432
397509
397583
397713
397749
398042
398053
398171
398336
398358
398464
398525
399050
399411
399425
399448
399466
399946
400015
400048
400225
400274
400399
400444
400489
400556
400565
400590
400596
400602
400621
400664
400668
400717
400869
401430
401664
401687
401823
401839
401852
401904
401928
401946
402092
402204
402222
402302
402346
402370
402377
402386
402392
402417
402476
402657
402664
402785
402894
402904
402983
403109
403451
403522
403550
403823
403935
404186
404240
404269
404378
404792
404889
405026
405030
405032
405077
405119
405145
405204
405244
405543
405588
405649
405685
405767
405784
405871
405910
406227
406505
406761
406765
406841
406989
406991
407113
407494
407526
407649
407676
407678
407789
408404
408468
408473
408600
408871
409066
409080
409096
409128
409212
409321
409352
409598
409694
409731
409791
409974
410038
410137
410158
410297
410338
410365
410388
410482
410512
410635
410687
410895
411097
411172
411201
411203
411320
411601
411693
411767
412020
412136
412444
412457
412795
412971
413005
413461
413479
413574
414035
414183
414252
414274
414326
414564
414583
414599
414628
414852
414867
414904
414910
415130
415256
415283
415294
415346
415419
415516
415551
415602
415616
415637
415888
415961
416164
416255
416261
416474
416514
416518
416553
416575
416585
416612
416740
416902
416927
416962
416979
416992
417087
417214
417334
417361
417437
417445
417750
418140
418164
418192
418199
418439
418574
418614
418645
418778
418872
418941
419064
419141
419190
419212
419243
419292
419398
419432
419637
419875
419921
419952
419993
420207
420388
420402
420568
420569
420772
420880
421637
421658
421684
421770
421864
422006
422021
422097
422136
422232
422334
422584
422618
422662
422686
422689
422824
422992
423164
423227
423287
423540
423588
423687
423881
424018
424123
424291
424436
424519
424525
424588
424772
424886
425045
425116
425149
425193
425297
425371
425428
425479
425491
425579
425588
425675
425948
425979
426005
426027
426059
426177
426257
426419
426493
426640
426904
427016
427089
427131
427196
427485
427677
427780
427792
427838
428062
428144
428162
428177
428469
428811
428877
429685
430002
430125
430198
430355
430506
430526
430734
430763
430960
430985
431039
431056
431202
431252
431327
431468
431637
431678
431805
431821
431937
431966
432002
432026
432132
432249
432252
432811
432822
433130
433169
433233
433260
433289
433351
433457
433542
433575
433609
433661
433721
434246
434290
434387
434408
434648
434959
435086
435163
435289
435305
435342
435380
435463
435470
435473
435503
435525
435696
435844
435901
435915
435980
436130
436728
436865
437017
437112
437337
437380
437433
437514
437555
437616
437691
437925
438071
438342
438485
438659
438753
439010
439165
439328
439329
439518
439567
439605
439675
439800
439936
439940
439943
440101
440449
440497
440604
440770
440927
440979
441135
441208
441324
441356
441362
441368
441468
441572
441603
441656
441664
441833
441853
441899
441937
441946
442140
442234
442467
442577
442696
442819
443078
443126
443188
443329
443387
443510
443710
443765
443899
443978
444009
444260
444465
444551
444579
444613
444761
444776
444789
444802
445020
445048
445101
445192
445541
445770
445814
445912
445922
445933
445954
445955
445958
446086
446134
446158
446164
446235
446344
446757
446833
447027
447152
447209
447468
447521
447624
447650
447742
447812
447863
447877
447883
447888
447951
447953
448081
448103
448195
448212
448515
448596
448676
448756
448760
448869
448895
449069
449171
449243
449300
449693
449887
449996
450282
450376
450586
450621
450797
450865
450897
450942
450953
451039
451098
451179
451209
451844
451964
452023
452063
452191
452600
452629
452732
452766
453124
453158
453209
453383
453421
453456
453567
453765
453863
453884
454027
454071
454072
454130
454183
454209
454213
454215
454307
454502
454583
454664
454727
454844
454924
454977
454984
455035
455059
455470
455474
455578
455615
455785
456037
456077
456124
456333
456567
456783
456899
456974
457156
457354
457413
457459
457497
457597
457759
458212
458338
458403
458464
458519
458596
458816
458860
459276
459419
459527
459539
459543
459686
459753
460024
460042
460150
460511
460576
460640
460727
460920
461318
461348
461510
461649
461677
461848
461995
462026
462557
462676
462698
462745
462934
462997
463003
463097
463169
463317
463540
463550
463601
463946
463999
464014
464113
464335
464383
464547
464735
464802
464831
464914
465214
465255
465259
465297
465322
465330
465350
465543
465613
465631
465812
465999
466025
466035
466173
466193
466253
466264
466389
466439
466441
466752
466826
466864
466995
467094
467105
467167
467364
467528
467612
467655
467806
467878
467945
468043
468080
468197
468339
468621
468683
468703
469188
469374
469459
469627
469677
469687
469689
469836
469945
470253
470489
470615
470784
470787
470982
471118
471175
471312
471363
471395
471610
471620
471651
471778
471800
471858
472006
472113
472282
472399
472420
472429
472497
472530
472576
472586
472665
472919
472938
472997
473076
473104
473195
473270
473567
473643
473684
473714
473746
473849
473880
473966
473978
473986
474000
474028
474348
474509
474597
474708
475057
475131
475212
475272
475424
475445
475504
475579
475616
475722
475851
476484
476488
476557
476679
476750
476759
476762
476936
476943
476966
477099
477279
477333
477374
477375
477532
477545
477611
477613
477809
477864
478006
478019
478040
478074
478342
478427
478452
478543
478778
478800
478953
479355
479683
479758
479769
479870
479892
479936
479963
480208
480228
480329
480357
480462
480541
480571
480690
480737
480754
480783
480852
480893
481005
481160
481167
481399
481541
481693
481762
481807
481929
482062
482075
482077
482123
482167
482206
482401
482556
482609
482847
482920
482971
483105
483253
483268
483286
483379
483521
484284
484324
484376
484426
484485
484497
484668
484708
484744
484817
484998
485239
485277
485417
485486
485589
485591
485598
485620
485739
485831
485999
486053
486119
486163
486305
486321
486345
486593
486723
486826
486859
486954
486960
486967
487129
487154
487450
487455
487612
487704
487763
487818
487823
488061
488078
488205
488248
488251
488412
488790
488846
488873
488881
488888
489007
489068
489315
489443
489451
489650
489691
489805
489889
489974
489985
490013
490447
490504
490681
490707
490737
490738
490775
490842
491119
491161
491307
491333
491575
491648
491683
491744
491852
491905
491926
491937
492010
492173
492247
492321
492364
492407
492477
492478
492559
492593
492778
492793
492916
492933
492993
493073
493182
493478
493866
493874
493916
493927
494011
494058
494090
494119
494354
494393
494406
494441
494545
494763
494886
495017
495046
495148
495230
495403
495452
495471
495598
495606
495686
495747
495800
496189
496337
496408
496430
496610
496617
496709
496811
496979
497084
497199
497221
497305
497659
497718
497747
497875
497903
498016
498036
498116
498231
498255
498295
498377
498816
498829
498852
498904
498998
499063
499070
499160
499243
499504
499549
499653
499941
499965
500215
500316
500328
500463
500538
500627
500688
500721
500794
500830
500980
501255
501319
501347
501388
501446
501517
501539
501861
501889
501993
502022
502030
502197
502380
502415
502809
502826
502851
503265
503349
503383
503416
503555
503577
503632
503633
503735
503736
503765
504026
504150
504230
504249
504329
504359
504398
504498
504742
504750
504783
504822
504827
504846
504854
504950
504978
505067
505105
505181
505208
505418
505675
505856
505880
505918
505952
505965
506130
506152
506316
506522
506618
506961
507094
507149
507176
507207
507337
507476
507513
507585
507612
507615
507783
507962
507963
508022
508104
508134
508185
508285
508297
508351
508446
508523
508685
508727
508941
509111
509117
509247
509376
509549
509693
509876
510037
510134
510174
510289
510298
510479
510630
511358
511359
511541
511620
511725
511798
511869
511929
512014
512135
512196
512320
512490
512493
512571
513096
513118
513132
513173
513290
513377
513538
513548
513666
513832
513866
513905
513975
514032
514408
514457
514478
514480
514531
514600
514850
514851
514870
514875
514950
514956
515069
515073
515350
515507
515615
515698
515884
515951
516036
516234
516371
516385
516387
516391
516447
516499
516534
516555
516575
516585
516673
516798
517133
517160
517188
517311
517388
517532
517568
517628
517708
517745
517890
518059
518481
518495
518627
518734
519115
519225
519318
519432
519434
519498
519543
519677
519796
519816
520173
520214
520328
520728
520768
520780
520813
520875
521076
521084
521216
521398
521496
521776
521802
521881
521987
521992
522028
522052
522171
522206
522397
522415
522457
522550
522610
522788
522818
522821
522867
522948
523056
523264
523346
523369
523513
523569
523608
523751
523773
523850
523938
524048
524171
524183
524346
524389
524468
524578
524648
524796
525033
525056
525077
525125
525323
525328
525358
525379
525421
525508
525569
526061
526130
526208
526299
526392
526610
526784
527285
527312
527410
527444
527628
527698
527811
528302
528377
528689
528752
528808
528863
529181
529271
529462
529730
529818
530104
530240
530352
530498
530659
530789
530815
531036
531070
531381
531406
531463
531485
531487
531599
531725
531815
531853
532377
532575
532673
532698
532874
533066
533243
533343
533431
533462
533544
533643
533691
533737
533936
534290
534478
534617
534976
535438
535483
535700
535721
535844
536017
536034
536232
536383
536490
536543
536733
536909
537171
537204
537234
537261
537268
537369
537396
537566
537574
537883
538182
538261
538278
538493
538771
538889
539254
539263
539336
539716
539799
539821
539884
540172
540352
540366
540711
541066
541301
541343
541407
541433
541438
541769
541805
541830
541889
541940
541944
541951
542061
542064
542347
542358
542503
542682
542721
542732
542768
542780
542819
542895
542940
542949
543018
543069
543109
543173
543197
543294
543302
543423
543848
543965
544125
544284
544317
544333
544346
544386
544643
544708
544739
544789
544913
544939
545013
545236
545260
545420
545445
545520
546038
546249
546326
546371
546392
546446
546541
546580
546632
546651
546674
546848
547400
547981
548080
548199
548457
548631
548647
548743
548851
548882
548883
548946
549002
549115
549160
549206
549607
549615
549816
549859
549919
550568
550623
550947
551024
551204
551260
551287
551307
551374
551845
551917
552070
552198
552280
552296
552299
552363
552470
553204
553242
553262
553303
553318
553417
553419
553540
553550
553649
553887
553906
553924
554051
554289
554418
554434
554484
554519
554546
554615
554811
554821
554962
554991
555018
555132
555218
555409
555539
555598
555625
555674
555719
555765
556096
556182
556327
556379
556383
556465
556715
557090
557405
557558
557650
557798
557816
557836
557878
557926
558157
558293
558306
558463
558573
558642
558664
558704
558739
558824
558834
558841
558862
559026
559036
559100
559303
559431
559573
559623
559735
559781
559950
560124
560173
560314
560318
560389
560536
560755
560843
560943
561099
561249
561374
561392
561683
561852
561957
561968
562041
562262
562275
562420
562595
563150
563466
563530
563694
563704
563755
563794
564283
564335
564793
564891
565123
565213
565246
565565
565584
565608
565659
565695
565764
565952
565981
566044
566152
566222
566273
566282
566321
566353
566404
566434
566567
566601
566653
566799
566977
567333
567334
567433
567657
567742
568006
568020
568023
568041
568065
568307
568400
568441
568578
568739
569210
569473
569569
569633
569762
569897
570016
570167
570224
570243
570417
570421
570455
570619
570878
570965
571100
571188
571459
571581
571682
571856
571873
571948
571967
572156
572175
572303
572362
572408
572751
572838
572881
572951
572968
573095
573220
573222
573280
573444
573579
573690
573737
573780
573988
573990
574035
574146
574211
574284
574347
574447
574484
574542
574581
574659
574693
574696
574989
575092
575384
575516
575724
575767
575796
575812
575854
575890
576015
576087
576197
576213
576754
576771
576840
576864
577373
577643
577654
577746
577756
577864
577991
578107
578270
578287
578454
578548
578574
578642
578701
578715
578783
579149
579162
579257
579266
579310
579495
579622
579687
579701
579752
579876
580106
580280
580284
580327
580399
580492
580544
580595
580612
580621
580833
580897
581405
581450
581456
581494
581532
581773
581849
581891
581914
582035
582153
582186
582193
582502
582576
582621
582649
582718
582899
582926
583302
583417
583425
583427
583601
583615
583655
583735
583777
583948
584039
584085
584211
584237
584471
584627
584859
584932
585026
585067
585137
585380
585400
585575
585637
585856
585865
585914
585941
585971
586150
586375
586417
586701
586838
586876
586900
587042
587067
587138
587334
587551
587767
587794
587836
587960
588064
588088
588254
588349
588352
588372
588462
588673
588685
588690
588748
588806
588951
589240
589477
589513
589520
589729
589744
589878
589973
590032
590286
590344
590435
590470
590504
590726
590805
590864
590927
591004
